1.292004587035472558e-02
1.310457372503969105e-02
1.328853280392361738e-02
1.347179826063634074e-02
1.365424916492459333e-02
1.383576982587252785e-02
1.401625124886563510e-02
1.419559273472723558e-02
1.437370362987304244e-02
1.455050523682127790e-02
1.472593289497006394e-02
1.489993824225365263e-02
1.507249166913172608e-02
1.524358497740747019e-02
1.541323425764875091e-02
1.558148300056867545e-02
1.574840545968387087e-02
1.591411028499764221e-02
1.607874445046558048e-02
1.624249750172945816e-02
1.640560615521559698e-02
1.656835928539920552e-02
1.673110334408068473e-02
1.689424826422776874e-02
1.705827391169060722e-02
1.722373716139151412e-02
1.739127969103138049e-02
1.756163660572286622e-02
1.773564603222738123e-02
1.791425985289668218e-02
1.809855578860682795e-02
1.828975108898898624e-02
1.848921814981909634e-02
1.869850245503791239e-02
1.891934333919908715e-02
1.915369819133048990e-02
1.940377088148044840e-02
1.967204539765527935e-02
1.996132594840667115e-02
2.027478513539533733e-02
2.061602225883433712e-02
2.098913442547106767e-02
2.139880393743734746e-02
2.185040652597581776e-02
2.235014646209902006e-02
2.290522657482276653e-02
2.352406394495019232e-02
2.421656580931328892e-02
2.499448540723671341e-02
2.587188466195815273e-02
2.686574038232700939e-02
2.799674380723507841e-02
2.929036021621580707e-02
3.077823511922183133e-02
3.250005138361192203e-02
3.450594209811312651e-02
3.685950513814999219e-02
3.964124453484858118e-02
4.295165376174473609e-02
4.691173833347483946e-02
5.165608781548274020e-02
5.731029629727039942e-02
6.394559472268344924e-02
7.151987806317854079e-02
7.984528965276321832e-02
8.862572507809296507e-02
9.754817557104991654e-02
1.063606933357364726e-01
1.148985886972041376e-01
1.230723387488406040e-01
1.308438791528105383e-01
1.382059890753773168e-01
1.451682623306745912e-01
1.517486010261655249e-01
1.579683809203378253e-01
1.638498281876865081e-01
1.694146644200440199e-01
1.746834587018750717e-01
1.796753652520973743e-01
1.844080657974448978e-01
1.888978160527279015e-01
1.931595408686568038e-01
1.972069479461796282e-01
2.010526441934871733e-01
2.047082467075104772e-01
2.081844847365151019e-01
2.114912913631380176e-01
2.146378849057308524e-01
2.176328406620714195e-01
2.204841538934122769e-01
2.231992950282641608e-01
2.257852580453907632e-01
2.282486029259340465e-01
2.305954929743628534e-01
2.328317277128920393e-01
2.349627719624592659e-01
2.369937816392514995e-01
2.389296267207070557e-01
2.407749117691068697e-01
2.425339943438642176e-01
