# hdf | time | tot M [g] | bd M [g] (0.05) | bd M [g] (0.1)| bd obj | all obj
# 
53    105.6   1.960702e+29   0.0          0.0          0.0           0     0     0     1
63    125.5   1.965162e+29   4.326555e+25 0.0          5.276286e+25  13    0     16    18 
66    130.0   1.965704e+29   2.144033e+26 0.0          2.491735e+26  20    0     29    33
74    146.0   1.973053e+29   6.166019e+26 0.0          7.352833e+26  79    0     103   163
79    154.0   1.976965e+29   1.661523e+27 7.396891e+25 1.852537e+27  123   1     144   238
87    173.5   1.985391e+29   5.296427e+27 2.224995e+27 5.564904e+27  184   39    216   580
91    180.5   1.985777e+29   5.369449e+27 1.628218e+27 5.764243e+27  205   33    245   691
95    188.0   1.991933e+29   5.440096e+27 1.248365e+27 6.095824e+27  191   27    230   743
101   200.0   2.000733e+29   1.113653e+28 3.474426e+27 1.147632e+28  291   51    319   875
106   211.5   2.014506e+29   1.347073e+28 4.626990e+27 1.400117e+28  293   62    322   914
114   226.4   2.027967e+29   1.967912e+28 4.486889e+27 2.019385e+28  387   53    409   978
119   234.9   2.025905e+29   2.350804e+28 5.485868e+27 2.393741e+28  386   54    401   914
122   242.0   2.037922e+29   2.641733e+28 8.698634e+27 2.792598e+28  378   85    421   888
126   250.0   2.056614e+29   2.355685e+28 4.645199e+27 2.394071e+28  415   62    434   961
130   258.0   2.057311e+29   2.298245e+28 6.414542e+27 2.401000e+28  364   72    395   957
133   264.0   2.058560e+29   2.629716e+28 8.968830e+27 2.651707e+28  394   84    407   990   
136   270.0   2.061093e+29   2.745740e+28 6.793020e+27 2.795446e+28  390   86    407   987
139   276.0   2.052590e+29   2.379757e+28 5.917319e+27 2.435958e+28  362   71    380   970
141   280.0   2.051298e+29   2.903794e+28 9.695155e+27 2.952818e+28  367   78    390   940
142   282.0   2.055147e+29   2.810354e+28 8.813619e+27 2.848372e+28  369   76    384   931
143   284.0   2.065300e+29   2.763436e+28 1.084379e+28 2.788720e+28  351   83    363   915
144   286.0   2.069108e+29   2.522619e+28 1.095522e+28 2.632553e+28  350   110   388   940
145   288.0   2.072513e+29   2.695219e+28 8.962950e+27 2.761613e+28  381   78    399   944
146   290.0   2.074751e+29   2.686215e+28 8.045696e+27 2.708320e+28  365   62    374   942
147   292.0   2.077181e+29   2.903345e+28 7.004353e+27 2.994440e+28  345   63    361   929
148   294.0   2.079744e+29   2.393813e+28 7.832543e+27 2.631508e+28  308   97    360   926
149   296.0   2.081395e+29   2.978220e+28 1.018067e+28 3.109433e+28  360   95    387   936
