59.1164434025
10.918008484
40.0646461264
11.3072114311
17.4088635856
4.89411810672
5.53979459701
22.9097454789
143.564969859
8.17064300067
4.99607390042
15.969122572
19.7760995758
8.17774503237
18.6036503684
26.9364143782
4.85201942398
6.73922080822
97.8625809332
45.164300067
98.8747488279
140.746148694
37.5883567761
52.5685979013
82.412949319
31.6295601697
14.1507367716
14.2921299397
13.027952668
10.5110750167
20.1784550123
32.5862134405
53.7296159857
180.339249833
26.2707524001
9.0177628935
2.9434996651
21.640410806
9.12138535387
15.5438155838
39.7100468855
54.9641772717
68.6274614869
130.739897299
11.5635298058
12.1520317035
2.94906117437
19.4184974325
19.5127483813
131.370283545
98.638513061
38.5820495646
108.199564635
10.106347399
13.2830765796
8.16658629158
42.0583165885
6.36700937709
259.870841706
11.9813239562
20.3021991516
26.6486269257
59.7934918509
72.0426546104
32.9859120339
23.2663652601
12.0873409243
66.8427662425
111.01020317
101.270339361
140.709756642
28.8376758205
18.8075686537
5.79960147354
8.97563518643
19.1260660862
54.425351641
33.8479571333
26.2460705515
5.31402991739
270.979682965
6.30181178835
15.2096784997
5.72375753516
26.9750055816
44.1774279973
98.9079705291
20.1868050904
41.4376200045
19.994094664
45.0082607725
47.1992185756
34.1149028801
10.7061888814
99.5256642108
29.1462156731
48.1302187988
20.0369613753
14.5322505023
16.5114087966
36.1716901094
81.0871734762
12.5550234427
5.09228175932
17.3958137977
21.7862915829
4.34671690109
344.000893056
121.080375084
37.7594552355
14.0927662425
92.6017414601
46.7991962492
10.2761062737
26.5785443179
46.674592543
54.8971980353
9.85275507926
8.37974994418
39.9067872293
97.9067537397
6.31409912927
70.5852757312
26.5128265238
66.8610850636
187.065862916
12.633478455
54.6730520205
17.6800960036
10.2699676267
181.210426434
229.094440723
13.2210426434
25.2168787676
13.9712659076
29.3814020987
59.4399977674
18.9092766242
153.305760214
5.66711431123
72.5693681625
7.10233645903
19.969122572
22.9523665997
3.48796829649
82.4113529806
215.343826747
24.3032931458
27.1339249833
35.3199709757
24.6853985265
16.0003683858
32.5489841482
118.744474213
34.9854655057
9.95524335789
72.9555927662
21.4232864479
69.0505804867
45.9432239339
33.9032596562
104.853259656
30.9854096897
128.991962492
11.2271600804
11.2121455682
10.7476166555
56.1873744139
16.765762447
54.8429225273
150.399866042
5.77311341817
44.999240902
72.8858897075
32.784940835
2.55408684974
19.30584952
19.107635633
3.58808885912
44.3726166555
22.8711431123
9.59177271712
35.3493971869
11.8451551686
160.76166555
34.6513172583
5.55735320384
10.9629682965
11.5550792588
134.191002456
26.0711766019
17.1035610627
40.8219356999
64.3361352981
23.4690890824
135.40410806
31.1532038401
132.60939942
46.9799062291
77.9738780978
10.5879939719
21.5418508596
39.9975329315
16.5524335789
61.1858004019
12.3751172137
27.3989283322
9.4167983925
89.8578477339
26.9738669346
41.5318821165
4.80136860906
9.24622348739
56.4713217236
7.06061955794
61.7126479125
10.74450547
50.6736659969
14.1668229516
13.1387698147
47.6424201831
21.5419401652
7.95255414155
21.3835789239
18.5792922527
4.64441616432
6.6659857111
25.9114087966
74.1442174593
154.8683858
70.2458137977
217.589194017
36.3749386024
196.49296718
44.3813239562
114.656508149
133.596561733
10.4418050904
52.9465505693
24.3870618442
19.7485599464
12.0478120116
49.5538066533
9.51759209645
2.36333444965
176.169457468
22.7066421076
7.56673699486
14.6256977004
16.327952668
150.296048225
42.7388591203
118.477896852
30.309968743
77.9208751954
21.7273721813
11.3881670016
24.0219468631
62.8943849073
9.36457021657
67.8679504354
41.7765014512
17.2174146015
24.1297722706
4.33956016968
25.9792252735
60.4471198928
119.273386917
71.961810672
8.25354320161
241.432797499
169.252623353
62.0903884796
247.938379102
226.94094664
4.91228175932
11.5148247377
191.364478678
374.450546997
241.348515294
20.5806653271
98.2922192454
39.6371511498
6.82678946193
16.7603371288
51.29853762
14.1873855771
47.8832551909
29.1559276624
11.5481915606
29.9368609065
190.327416834
146.523889261
33.8478678276
3.46857334226
397.284773387
56.272103148
128.410694351
65.232775173
28.6793034159
24.3345947756
32.6902210315
17.3895624023
14.9881000223
107.885476669
56.3498102255
46.4086626479
69.0324960929
65.5161085064
3.99940835008
39.1911252512
148.355994642
391.968966287
71.5009377093
112.777182407
56.7039741014
59.263540969
33.5047443626
71.490522438
44.8493636973
247.831882117
22.4486604153
54.340734539
79.18889261
34.753739674
86.1862022773
26.1674146015
21.7394842599
35.1114981023
9.44733757535
47.5873632507
280.16197812
57.1920294709
52.3217570886
2.59473878098
101.49237553
17.6030363921
27.6381111855
172.83746372
51.7798280866
13.5525563742
16.9163652601
23.7583835678
16.3932574235
12.8054811342
28.074704175
2.99948425988
11.400703282
21.730229962
5.98342710426
30.0345166332
37.8469970976
20.3328198259
36.1641995981
28.2525117214
59.0786336236
83.7106943514
3.49587296271
7.54757423532
4.88433578924
52.4157512838
129.950993525
61.7326747042
48.6693793257
11.3785108283
61.7393726278
8.95570216566
74.726758205
153.745590534
50.5927885689
118.051015852
40.8292810895
246.313239562
19.1536950212
37.2092877875
142.485599464
201.803081045
8.69545657513
14.0217682518
124.14411699
67.5009042197
31.9141326189
33.2892051797
11.3582942621
7.47426434472
21.4862915829
149.466510382
3.05672359902
4.92166555035
68.1413708417
105.459533378
22.9061620898
74.8022326412
69.4314355883
335.823174816
7.13755749051
128.678388033
77.1264679616
9.16414378209
17.7435141773
11.0928678276
17.9497209198
25.4333333333
37.9571109623
59.592364367
25.8137753963
14.7084617102
68.8367046216
9.06015293592
9.80424536727
61.0005246707
98.9704175039
56.4137307435
15.3331100692
8.92403996428
65.8031256977
20.0227171244
66.4080821612
62.321779415
29.0314467515
46.5150256754
13.2296048225
254.14355883
76.1410136191
50.7645568207
157.98213887
4.23888033043
118.863920518
286.478901541
98.3273275285
9.74021433356
7.67293927216
142.176155392
287.797722706
416.690890824
4.44591649922
6.91614422862
6.56278410359
7.52872851083
9.19449542309
121.656843045
72.4801406564
8.38082272829
59.8069546774
53.092956017
421.525898638
60.4219580263
17.937486046
131.581044876
9.53053248493
22.8806095111
195.710538067
12.2355213217
29.5156731413
12.1134963161
83.0480464389
98.1824514401
11.1343659299
15.4060951105
18.8354431793
190.510605046
12.5479348069
59.2342598794
41.7394284438
20.1307099799
41.5980687653
118.131056039
25.8735208752
29.8642107613
54.8743581157
46.3955682072
18.255961152
63.6195691002
3.6205581603
199.932909132
19.9586514847
13.0200379549
29.1761553918
127.467738334
15.7941839696
179.009153829
138.171913374
172.668899308
8.28720584952
376.269144898
128.074123688
19.4436034829
60.8878990846
60.7985822728
30.1652935923
51.970584952
17.2953784327
241.329872739
66.4799173923
10.8270517973
124.982362134
30.0964166109
120.144563519
19.1768810002
251.530810449
29.7108952891
160.611185532
74.8527908015
170.324067872
192.154833668
17.9485711096
102.152310784
204.215003349
97.5104822505
12.5135074793
13.0754967627
4.81616208975
202.493860237
11.5653494084
13.1188100022
37.5774168341
30.5078477339
80.4322951552
100.077048448
98.493826747
91.3243357892
4.12649586961
4.18766130833
207.456798392
19.478600134
33.8985264568
21.9972985041
27.4881000223
141.653717348
5.16922080822
143.794262112
60.62134405
34.3919401652
4.48994864925
32.4745813798
32.9697588747
48.3924313463
100.153281983
31.0801629828
13.1744920741
27.3817816477
18.0062179058
112.397410136
3.24362246037
2.22739004242
136.533712882
4.5233478455
5.55564188435
29.1928220585
59.8305425318
301.871846394
3.25947086403
139.375306988
49.7093436035
16.1987943737
15.2696137531
26.5428220585
2.84539182853
10.9504833668
77.1810337129
10.2772962715
50.6849296718
43.3628488502
24.6602589864
2.30169234204
16.9855548113
111.789350301
17.822482697
34.9199709757
91.5282094217
18.0642442509
30.1566309444
58.1941281536
56.1259656173
317.848292029
20.3825853985
3.47869837017
61.5502455905
461.566421076
4.9542252735
11.7512837687
8.2801194463
18.045668676
17.1628823398
400.146461264
328.969189551
102.668787676
66.5602143336
82.6078812235
15.1313239562
34.3354431793
47.0880330431
47.826758205
83.9817258317
103.798336682
261.194909578
127.865371735
20.3110292476
10.5163574459
21.8832328645
8.88513284215
23.3851417727
17.6776624246
132.432685867
362.912145568
97.4262223711
94.8058160304
21.1746260326
22.287050681
108.878577808
163.398414825
298.326747042
49.6883791025
89.2141437821
157.876981469
83.5007256084
9.15715003349
16.4737553025
11.1725720027
79.584996651
87.2890823845
4.18572784104
53.5432239339
143.972650145
200.436146461
438.594217459
184.490622907
83.9676936816
39.2828086626
479.242464836
21.6734762224
30.390087073
10.4903125698
96.9930453226
56.138513061
13.8332328645
13.3501897745
