59.1164434025
22.9097454789
143.564969859
8.17064300067
4.99607390042
15.969122572
140.746148694
37.5883567761
31.6295601697
20.1784550123
32.5862134405
53.7296159857
180.339249833
26.2707524001
9.0177628935
2.9434996651
21.640410806
9.12138535387
15.5438155838
39.7100468855
130.739897299
2.94906117437
19.4184974325
19.5127483813
131.370283545
98.638513061
38.5820495646
108.199564635
8.16658629158
42.0583165885
6.36700937709
259.870841706
32.9859120339
66.8427662425
111.01020317
101.270339361
140.709756642
33.8479571333
26.2460705515
5.31402991739
270.979682965
41.4376200045
19.994094664
34.1149028801
10.7061888814
99.5256642108
29.1462156731
48.1302187988
20.0369613753
12.5550234427
4.34671690109
344.000893056
121.080375084
37.7594552355
46.7991962492
10.2761062737
26.5785443179
46.674592543
8.37974994418
39.9067872293
97.9067537397
187.065862916
13.9712659076
29.3814020987
59.4399977674
18.9092766242
153.305760214
5.66711431123
72.5693681625
22.9523665997
3.48796829649
82.4113529806
215.343826747
24.3032931458
118.744474213
21.4232864479
69.0505804867
45.9432239339
33.9032596562
104.853259656
30.9854096897
56.1873744139
150.399866042
72.8858897075
32.784940835
2.55408684974
19.30584952
19.107635633
3.58808885912
44.3726166555
22.8711431123
9.59177271712
34.6513172583
134.191002456
26.0711766019
17.1035610627
23.4690890824
135.40410806
31.1532038401
132.60939942
46.9799062291
77.9738780978
61.1858004019
12.3751172137
27.3989283322
26.9738669346
41.5318821165
56.4713217236
7.06061955794
50.6736659969
47.6424201831
18.5792922527
4.64441616432
74.1442174593
154.8683858
70.2458137977
217.589194017
36.3749386024
196.49296718
44.3813239562
24.3870618442
19.7485599464
12.0478120116
49.5538066533
9.51759209645
2.36333444965
176.169457468
22.7066421076
16.327952668
150.296048225
42.7388591203
118.477896852
17.2174146015
24.1297722706
4.33956016968
62.0903884796
247.938379102
191.364478678
374.450546997
98.2922192454
39.6371511498
29.1559276624
33.8478678276
3.46857334226
397.284773387
56.272103148
128.410694351
65.232775173
28.6793034159
107.885476669
56.3498102255
46.4086626479
69.0324960929
65.5161085064
3.99940835008
39.1911252512
148.355994642
391.968966287
71.5009377093
44.8493636973
247.831882117
79.18889261
35.1114981023
9.44733757535
47.5873632507
52.3217570886
2.59473878098
101.49237553
51.7798280866
13.5525563742
16.9163652601
23.7583835678
16.3932574235
12.8054811342
28.074704175
2.99948425988
83.7106943514
3.49587296271
7.54757423532
4.88433578924
48.6693793257
74.726758205
118.051015852
40.8292810895
246.313239562
19.1536950212
37.2092877875
142.485599464
11.3582942621
3.05672359902
4.92166555035
68.1413708417
105.459533378
69.4314355883
335.823174816
7.13755749051
128.678388033
17.9497209198
25.4333333333
37.9571109623
59.592364367
61.0005246707
98.9704175039
56.4137307435
65.8031256977
20.0227171244
29.0314467515
46.5150256754
13.2296048225
254.14355883
157.98213887
98.3273275285
9.74021433356
4.44591649922
6.91614422862
6.56278410359
72.4801406564
421.525898638
60.4219580263
9.53053248493
22.8806095111
195.710538067
83.0480464389
190.510605046
20.1307099799
41.5980687653
3.6205581603
199.932909132
19.9586514847
13.0200379549
128.074123688
124.982362134
30.0964166109
120.144563519
192.154833668
204.215003349
97.5104822505
12.5135074793
13.0754967627
4.81616208975
202.493860237
98.493826747
91.3243357892
207.456798392
21.9972985041
5.16922080822
143.794262112
60.62134405
34.3919401652
4.48994864925
32.4745813798
100.153281983
112.397410136
136.533712882
4.5233478455
5.55564188435
3.25947086403
2.30169234204
16.9855548113
111.789350301
17.822482697
56.1259656173
317.848292029
20.3825853985
3.47869837017
61.5502455905
461.566421076
4.9542252735
